
     d           S.E.
1    n/c         n/c         
2     0.00359147  0.00126261
3    n/c         n/c         
4     0.00336700  0.00155039
5     0.00000000  0.00000000
6     0.00202020  0.00115829
7     0.00000000  0.00000000
8    n/c         n/c         
9     0.00746004  0.00088937
10    0.00000000  0.00000000
11    0.00336700  0.00147019
12   n/c         n/c         
13    0.01071004  0.00119271
14    0.00404040  0.00166931
15    0.00593042  0.00080244
16   n/c         n/c         
17    0.00314254  0.00122423
18   n/c         n/c         
19    0.01661055  0.00264556
20    0.00044893  0.00044303
21    0.00179574  0.00092897
22    0.00067340  0.00066517
23   n/c         n/c         
24    0.00134680  0.00077154
25    0.01616162  0.00334383
26   n/c         n/c         
27    0.00336700  0.00152637
28    0.00538721  0.00189130
29    0.00471380  0.00172773
30   n/c         n/c         
31    0.00455249  0.00059359
32   n/c         n/c         
33    0.00466615  0.00063339
34    0.00955388  0.00099448
35    0.00067340  0.00068681
36    0.00404040  0.00175925
37    0.00628507  0.00166070
38    0.00202020  0.00116777
39    0.00606469  0.00189982
40    0.00033670  0.00033497
41    0.00513885  0.00076862
42    0.00269360  0.00114865
43   n/c         n/c         
44    0.00404040  0.00168588
45    0.00534623  0.00076325
46    0.00713170  0.00087573
47    0.00599006  0.00059556
48   n/c         n/c         
49    0.00538721  0.00165310
50    0.00424518  0.00069157
51    0.00000000  0.00000000
52   n/c         n/c         
53    0.00269360  0.00137297
54    0.00529515  0.00071503
55    0.00404040  0.00136898
56    0.00374635  0.00072060
57    0.00585341  0.00078855
58   n/c         n/c         
59    0.00546763  0.00065755
60    0.00538721  0.00158313
61   n/c         n/c         
62   n/c         n/c         
63    0.00314254  0.00118216
64    0.01391695  0.00247568
65    0.00332109  0.00073537
66    0.00092951  0.00034670
67   n/c         n/c         
68    0.00134680  0.00074230
69    0.00456039  0.00072533
70    0.00359147  0.00129671
71    0.00739527  0.00091800
72    0.00216875  0.00060127
73    0.00246272  0.00051085
74    0.00203263  0.00053168
75    0.00538721  0.00189032
76    0.00181300  0.00051512
77    0.00313296  0.00059708
78    0.00327843  0.00069682
79    0.00089787  0.00060765
80    0.00224467  0.00097250
81    0.00308504  0.00062005
82    0.00390227  0.00064473
83    0.00294130  0.00054165
84    0.00033670  0.00035676
85    0.00107744  0.00065256
86    0.00089787  0.00062767
87    0.00022447  0.00022340
88   n/c         n/c         
89    0.00349883  0.00057041
90    0.00034963  0.00022177
91    0.00131687  0.00044726
92    0.00378953  0.00065078
93    0.00067340  0.00049158
94    0.00095068  0.00043082
95    0.00210397  0.00056417
96    0.00095926  0.00030216
97   n/c         n/c         
98   n/c         n/c         
99    0.00170200  0.00049774
100   0.00192172  0.00051300
101   0.00067340  0.00048493
102   0.00000000  0.00000000
103   0.00077543  0.00039020
104   0.00245902  0.00054875
105   0.00216611  0.00053850
106   0.00044893  0.00043418
107  n/c         n/c         
108   0.00109173  0.00043904
109   0.00179574  0.00090332
110   0.00258137  0.00075463
111   0.00359147  0.00127925
112   0.00044893  0.00043112
113   0.00000000  0.00000000
114   0.00026936  0.00027856
115   0.00269360  0.00112735
116   0.00000000  0.00000000
117   0.00033670  0.00033684
118   0.00000000  0.00000000
119   0.00119332  0.00035806
120   0.00633576  0.00088321
121   0.00000000  0.00000000
122   0.00044893  0.00045220
123   0.00586743  0.00073657
124   0.00067340  0.00068767
125  n/c         n/c         
126  n/c         n/c         
127   0.00553535  0.00091581
128   0.00460201  0.00081930
129   0.00134680  0.00094250
130   0.00000000  0.00000000
131  n/c         n/c         
132  n/c         n/c         
133   0.00404040  0.00171459
134  n/c         n/c         
135   0.00202020  0.00113021
136   0.00202020  0.00118067
137   0.00121853  0.00054076
138   0.00062815  0.00024288
139   0.00134680  0.00097570
140   0.00000000  0.00000000
141   0.00134680  0.00092989
142  n/c         n/c         
143  n/c         n/c         
144   0.00067340  0.00066636
145   0.00202020  0.00083393
146  n/c         n/c         
147   0.00673401  0.00214897
148   0.00419446  0.00078388
149   0.00336700  0.00145979
150   0.00404040  0.00132241
151   0.00202020  0.00122902
152  n/c         n/c         
153   0.00293188  0.00055872
154   0.01010101  0.00257985
155   0.00314254  0.00118685
156   0.00202020  0.00114764
157   0.00853413  0.00194553
158  n/c         n/c         
159   0.00038480  0.00027233
160   0.00048260  0.00024930
161   0.00000000  0.00000000
162   0.00000000  0.00000000
163   0.00067340  0.00065048
164  n/c         n/c         
165   0.00000000  0.00000000
166  n/c         n/c         
167   0.00144131  0.00038787
168   0.00342417  0.00052059
169   0.00404040  0.00171470
170   0.00202020  0.00116483
171  n/c         n/c         
172   0.00067385  0.00063341
173  n/c         n/c         
174   0.00763187  0.00183807
175  n/c         n/c         
176   0.00033670  0.00032703
177   0.00875421  0.00243633
178   0.00404040  0.00159867
179  n/c         n/c         
180   0.00000000  0.00000000
181   0.00179574  0.00089631
182   0.00179574  0.00092782
183  n/c         n/c         
184   0.00202020  0.00115325
185   0.00134680  0.00076435
186   0.00067340  0.00064439
187  n/c         n/c         
188   0.00538721  0.00191951
189   0.00606061  0.00201270
190   0.00022447  0.00022902
191   0.00398983  0.00076343
192   0.00269360  0.00135035
193  n/c         n/c         
194   0.00156325  0.00057928
195   0.00134680  0.00076107
196   0.00000000  0.00000000
197   0.00044893  0.00044108
198   0.00044893  0.00044783
199   0.00134680  0.00097294
200   0.00193125  0.00050194
201   0.00357326  0.00049108
202   0.00022447  0.00021990
203   0.00044893  0.00045046
204   0.00040404  0.00040054
205   0.00229647  0.00057282
206   0.00000000  0.00000000
207  n/c         n/c         
208   0.00000000  0.00000000
209   0.00109384  0.00038831
210  n/c         n/c         
211   0.00000000  0.00000000
212   0.00314254  0.00118848
213  n/c         n/c         
214  n/c         n/c         
215   0.00134680  0.00075471
216   0.00606061  0.00206448
217   0.01818182  0.00346379
218   0.00180778  0.00038525
219   0.00808081  0.00189680
220   0.00471380  0.00178405
221  n/c         n/c         
222  n/c         n/c         
223   0.00180375  0.00069567
224  n/c         n/c         
225   0.00302496  0.00057170
226   0.00026936  0.00027314
227   0.00314254  0.00116142
228   0.00471380  0.00179396
229  n/c         n/c         
230  n/c         n/c         
231   0.00067340  0.00068032
232   0.00718294  0.00179349
233  n/c         n/c         
234   0.00000000  0.00000000
235   0.00000000  0.00000000
236  n/c         n/c         
237   0.00026936  0.00026280
238   0.00101010  0.00058830
239   0.00134680  0.00090916
240   0.00067340  0.00067569
241  n/c         n/c         
242  n/c         n/c         
243  n/c         n/c         
244   0.00000000  0.00000000
245  n/c         n/c         
246  n/c         n/c         
247   0.00051800  0.00024123
248   0.00000000  0.00000000
