Depth 0 
cluster names:	 1 
cluster log marginal likelihood:	 -127100.486278592 
Depth 1 
cluster names:	 1	2	3	4	5	6	7	8	9	10	11	12	13 
cluster log marginal likelihood:	 -5656.57877070297	-7013.50238837021	-8904.63405853216	-8673.4224960357	-1544.82209944339	-12535.0701607456	-11882.0309976986	-12146.5361429005	-4075.06603518694	-2839.94779220689	-5565.34234546188	-1129.07366830474	-3513.92579062075 
Depth 2 
cluster names:	 1	4	5	8	2	11	9	13	6	14	16	12	20	23	25	3	21	26	24	17	18	30	10	7	27	15	19	28	32	33	22	31	34	29 
cluster log marginal likelihood:	 -3114.09199615775	-1086.36852119075	-1901.90282114894	-3187.57473177557	-376.299198342612	-5062.42653777259	-2104.38359486197	-1544.82209944339	-902.506484754676	-6869.19966335564	-1982.31628906368	-2147.55867021897	-3208.13779976524	-2369.74023252589	-2839.94779220689	-456.297892162242	-5032.54053712511	-739.485992547664	-972.12016078237	-1982.40862468041	-3558.98638832196	-243.774652880798	-1092.33542056362	-525.076805972417	-1366.91009249743	-4100.13218019274	-324.323946279983	-387.939954610796	-1190.23071406311	-882.999771025364	-917.48676502749	-595.114264530153	-141.990580692373	-787.055381155672 
Depth 3 
cluster names:	 1	2	3	5	4	6	7	8	9	11	14	15	17	19	10	21	16	24	12	26	28	29	30	32	35	20	33	27	37	38	39	42	44	46	47	18	48	49	50	13	53	56	22	57	59	54	61	58	34	36	51	25	62	43	23	52	55	64	31	45	65	40	41	66	60	67	68	63 
cluster log marginal likelihood:	 -711.999994690091	-1764.53661434848	-463.230178386908	-1172.95878350192	-305.860793849477	-291.450000398262	-3187.57473177557	-376.299198342612	-2389.3791384214	-430.337442018409	-1544.82209944339	-263.628914896572	-4359.4305445641	-1365.535187701	-1832.91374204878	-473.977414646838	-346.673442307182	-2179.16447305219	-762.734771960518	-1683.59566506701	-2839.94779220689	-47.5125295397917	NA	-2032.45050307466	-507.978253839004	-274.675466827002	-958.224867014876	-259.056529672395	-640.578583001132	-117.677001195298	-602.872444631001	-1187.19774634715	-153.468163545602	-512.880262947859	-301.229863517548	-1491.23355949694	-318.471274986127	-40.3431136755714	-256.380484649466	-63.5352849214209	-1497.17230663107	-324.323946279983	-406.802057625183	-92.5033689930579	-697.338423700275	-1214.14070722123	-320.283484668266	-159.100944245926	-427.212866526879	-59.541316088805	-331.115715531374	-447.857765803799	-88.8724124136746	-1637.34685543635	-355.486902040697	-132.473184761961	-175.518006466639	-917.48676502749	-94.4731203970715	NA	-595.114264530153	-331.049696368657	-283.692399136076	-141.990580692373	-207.244182827777	-404.623076116064	-155.105715918771	-55.5760957365478 
Depth 4 
cluster names:	 1	2	3	4	5	8	10	9	12	6	14	15	16	17	7	11	19	20	23	24	25	26	27	28	21	31	33	36	22	37	38	40	32	41	39	44	45	47	18	48	50	52	54	57	60	64	66	65	67	29	69	70	71	72	68	75	30	46	73	77	51	42	43	13	78	34	74	80	81	49	53	82	76	83	84	61	86	87	89	62	63	91	94	96	98	35	101	95	103	92	106	107	108	109	104	99	100	88	110	58	111	112	55	102	59	113	116	114	56	105	93	117	85	90	79	118	119	120	97	121	122	115	123	124 
cluster log marginal likelihood:	 NA	-533.18852423344	-801.955157824689	-585.425595426837	-203.764004964844	-856.504916998617	-176.500092028948	NA	-131.951129196995	NA	-3187.57473177557	-376.299198342612	-2389.3791384214	-184.883543756785	NA	NA	-1544.82209944339	-49.1375568245027	-4359.4305445641	-1365.535187701	-1832.91374204878	-107.044499613992	-219.863824036533	-56.2945781693551	-60.8316753328871	-1011.0445479888	-314.558722142906	-1683.59566506701	NA	-2839.94779220689	NA	NA	-717.534944790753	-675.666236319864	NA	-507.978253839004	-48.6200529393812	-958.224867014876	-105.400879510344	-179.864644990531	-379.897976009963	-77.2766980093361	-341.708436024098	-598.877375957657	-32.5013793136238	-25.4177591165721	-301.229863517548	-367.57817369165	-731.605181923863	-67.9836637231723	-318.471274986127	-40.3431136755714	-256.380484649466	-6.46054606776544	-391.814569333517	-475.745104373503	-26.5496198652421	-137.623633792432	-8.03161500891006	-324.323946279983	-103.157745745122	-203.960884848764	-402.120741584556	-51.7901555620287	-95.1115788671814	-14.2713418901435	-3.21795371627992	-92.5033689930579	-697.338423700275	-6.85319350442605	NA	-1214.14070722123	-712.648815295827	-320.283484668266	-53.7564730790839	NA	-45.8410747810582	-108.176531953698	-11.4494549897154	NA	NA	-65.5667022253745	-142.157842815269	-40.9480008999872	-640.615551792769	-107.817837518034	-137.005667343674	-140.38837725939	NA	-13.2380906321125	-175.518006466639	-917.48676502749	-58.5146724064433	NA	-15.4353152094487	-69.5267670351541	-338.438005212833	-37.1896228318197	NA	-117.710314190063	-595.114264530153	-331.049696368657	-12.4546033629469	-98.6427320628819	NA	-33.4983146731022	-141.990580692373	-95.3358600985401	NA	NA	NA	-207.244182827777	NA	NA	-161.212354939437	-295.760206706771	-7.69291077741033	NA	NA	NA	NA	-13.5145931496561	-20.3327675808367	NA 
Depth 5 
cluster names:	 1	2	3	5	4	6	7	9	8	11	13	14	10	12	16	17	15	18	19	20	22	23	24	25	26	27	28	29	30	32	33	36	38	39	40	41	42	37	43	44	45	46	47	49	50	51	53	54	55	56	58	59	60	62	64	66	67	68	69	34	70	71	72	73	48	74	75	76	79	77	35	81	80	83	84	82	78	85	86	21	57	87	90	88	93	96	98	100	101	102	103	105	106	99	104	107	109	110	112	31	113	94	115	95	117	65	119	52	120	121	63	124	61	126	128	108	129	131	116	133	135	122	125	136	138	139	127	137	130	140	141	142	118	97	114	89	143	111	134	145	148	146	150	151	91	152	144	155	156	157	158	149	159	160	161	92	164	162	165	168	169	170	171	172	173	123	174	177	178	180	181	175	182	179	183	163	147	184	166	167	185	132	153	176	154	186	187 
cluster log marginal likelihood:	 NA	-130.112196759203	-127.402813033076	-801.955157824689	NA	-585.425595426837	-126.621177649408	-527.916285192935	NA	-109.567276383282	NA	-94.3462287868872	-127.487504256473	NA	NA	-3187.57473177557	NA	-376.299198342612	-2389.3791384214	-131.995839360207	NA	NA	-1544.82209944339	NA	NA	-4359.4305445641	-1365.535187701	-1832.91374204878	-72.6862985166107	-219.863824036533	NA	NA	-1011.0445479888	-314.558722142906	-1683.59566506701	NA	-2839.94779220689	NA	NA	NA	-345.920709950645	-174.458760974009	-248.264346055278	NA	-507.978253839004	NA	-958.224867014876	-105.400879510344	-179.864644990531	-175.691227208548	-77.2766980093361	-341.708436024098	-223.369922464635	-14.8315515900234	NA	-301.229863517548	-367.57817369165	-731.605181923863	-3.21795371627992	-12.4781801647215	NA	-13.1132517587318	-318.471274986127	-40.3431136755714	-239.769909571766	-256.380484649466	-6.46054606776544	-50.2247264942109	-268.002139137112	-130.157153056996	NA	NA	-83.8768592378635	-137.623633792432	-8.03161500891006	NA	-19.0497312813854	-324.323946279983	-103.157745745122	NA	-97.3900750251619	-60.8100654560325	-181.825602136781	-13.3672650745896	-3.5850498530986	NA	NA	-3.21795371627992	-92.5033689930579	-697.338423700275	NA	NA	-1214.14070722123	NA	NA	-439.071744402529	-320.283484668266	-26.5777860995468	NA	NA	-23.5175153048553	NA	-55.6052699856771	NA	NA	NA	NA	NA	NA	-12.9457307707365	NA	-69.5779252286458	-213.551803427541	NA	-640.615551792769	-117.999047803205	-43.1631977452977	-81.6679740549443	-8.25196183218316	-66.7325275040659	NA	NA	NA	NA	-175.518006466639	-917.48676502749	NA	NA	-14.7685918024518	NA	NA	NA	NA	-38.3830289947246	NA	NA	NA	NA	NA	NA	-243.594074724653	NA	-37.1896228318197	NA	-28.0764752691345	-15.6144253809836	NA	-595.114264530153	-331.049696368657	NA	NA	-5.31430463718713	-98.6427320628819	NA	NA	NA	-141.990580692373	-6.04378179405837	NA	NA	NA	NA	-207.244182827777	NA	NA	NA	-60.1069110395627	-295.760206706771	NA	NA	NA	NA	NA	NA	NA	NA	NA	-3.5850498530986	-12.7787624194617	NA	NA	NA	NA	NA	NA	-20.3327675808367	NA 
Depth 6 
cluster names:	 1	2	3	4	7	5	8	9	10	14	15	16	11	18	12	19	13	17	21	23	24	20	6	25	26	27	28	29	31	32	22	33	34	35	36	37	38	39	40	42	41	43	44	45	30	46	47	48	49	50	51	52	53	54	55	58	59	60	61	62	63	64	65	66	67	69	71	72	73	74	75	76	77	78	79	80	81	82	84	85	86	87	88	90	91	92	93	94	95	96	97	98	89	99	100	102	104	83	106	108	109	110	111	112	113	114	115	116	117	118	119	120	121	123	70	124	125	127	103	128	129	130	131	132	133	134	135	136	137	139	56	140	126	107	141	142	144	145	146	148	149	57	151	152	153	154	155	156	122	138	157	158	159	143	101	160	161	162	163	164	165	68	167	168	105	169	170	171	150	172	173	174	175	176	177	180	181	182	183	184	185	186	187	188	189	190	191	192	166	193	195	178	196	197	198	199	200	201	194	202	203	147	205	206	207	208	209	204	179	210	211	212	213	214	215	216	218	219	220	221	222	217	223	224	225 
cluster log marginal likelihood:	 NA	-67.9669543359678	NA	-29.1730590879316	-801.955157824689	-10.8328522704064	NA	-585.425595426837	NA	-527.916285192935	NA	-73.6082612557065	NA	NA	-3.72877934004591	-48.260701978575	NA	NA	NA	NA	NA	NA	NA	-3187.57473177557	NA	-376.299198342612	-2389.3791384214	-17.9346106950474	NA	NA	NA	-1544.82209944339	NA	NA	-4359.4305445641	-1365.535187701	-1832.91374204878	NA	NA	-219.863824036533	NA	NA	NA	-1011.0445479888	-63.9872955699875	-314.558722142906	-1683.59566506701	NA	-2839.94779220689	NA	NA	NA	-345.920709950645	-174.458760974009	-120.040344635244	NA	-507.978253839004	NA	-958.224867014876	-105.400879510344	-179.864644990531	-175.691227208548	-77.2766980093361	-341.708436024098	-154.152745475485	NA	NA	-301.229863517548	-367.57817369165	-731.605181923863	-3.21795371627992	-12.4781801647215	NA	-3.87922011189781	NA	-318.471274986127	-40.3431136755714	-43.8588160171268	-256.380484649466	-6.46054606776544	-50.2247264942109	-268.002139137112	-70.7253654560674	NA	NA	-83.8768592378635	-137.623633792432	-8.03161500891006	NA	-19.0497312813854	-324.323946279983	-103.157745745122	-9.50951769685809	NA	-65.1317564312647	NA	-69.9907616270453	-109.816601026058	NA	-3.5850498530986	NA	NA	-3.21795371627992	-92.5033689930579	-697.338423700275	NA	NA	-1214.14070722123	NA	NA	-439.071744402529	-320.283484668266	NA	NA	NA	NA	NA	NA	-23.2348620745224	-55.6052699856771	NA	NA	NA	NA	NA	NA	-12.9457307707365	NA	NA	-213.551803427541	NA	NA	NA	NA	-640.615551792769	NA	NA	NA	NA	-8.25196183218316	-20.7383924326068	NA	NA	NA	NA	NA	-175.518006466639	-917.48676502749	NA	NA	NA	NA	NA	NA	NA	-3.21795371627992	NA	NA	NA	NA	-21.7630233956229	NA	NA	NA	-48.2882566757405	NA	NA	NA	NA	NA	-243.594074724653	NA	-37.1896228318197	NA	NA	-3.72877934004591	NA	NA	-595.114264530153	-331.049696368657	NA	NA	-5.31430463718713	-98.6427320628819	NA	NA	NA	-141.990580692373	NA	NA	NA	NA	NA	NA	NA	-207.244182827777	NA	NA	NA	NA	-35.7865461799354	NA	-295.760206706771	NA	NA	NA	NA	NA	NA	NA	NA	NA	NA	NA	-3.5850498530986	-3.21795371627992	NA	NA	NA	NA	NA	NA	NA	-20.3327675808367	NA 
Depth 7 
cluster names:	 1	2	3	4	5	6	7	8	9	11	10	12	13	14	15	16	19	20	21	22	24	25	17	26	18	27	28	29	30	31	32	33	34	35	37	38	23	39	36	40	41	42	43	44	45	46	47	48	49	50	51	52	53	55	56	57	58	59	54	60	61	62	63	64	67	68	69	70	71	72	73	65	74	75	76	77	78	79	80	81	82	83	84	85	86	87	88	89	90	91	92	93	94	95	96	97	98	99	100	101	102	103	104	106	107	109	110	111	66	113	114	115	116	117	108	118	119	120	121	122	123	124	105	125	126	127	128	129	112	130	131	132	133	134	135	136	137	138	139	140	141	142	143	144	145	146	147	148	149	150	151	152	153	154	155	156	157	158	159	160	161	162	163	164	165	166	167	168	169	170	171	172	173	174	175	177	178	179	180	182	183	184	185	186	187	188	189	190	191	192	193	194	195	196	197	198	199	200	201	202	203	204	205	206	207	181	208	209	210	211	212	213	214	215	216	217	218	219	220	221	222	223	224	225	226	227	228	229	230	231	232	233	234	235	176	236	237	238	239	240	241 
cluster log marginal likelihood:	 NA	-39.3385629875531	NA	NA	NA	NA	NA	-801.955157824689	NA	NA	NA	-585.425595426837	NA	-527.916285192935	NA	NA	NA	NA	-3.72877934004591	-21.7630233956229	NA	NA	NA	NA	NA	NA	NA	NA	NA	-3187.57473177557	NA	-376.299198342612	-2389.3791384214	NA	NA	NA	NA	NA	-3.21795371627992	-1544.82209944339	NA	NA	-4359.4305445641	-1365.535187701	-1832.91374204878	NA	NA	-219.863824036533	NA	NA	NA	-1011.0445479888	-40.9480008999872	-314.558722142906	-1683.59566506701	NA	-2839.94779220689	NA	NA	NA	NA	-345.920709950645	-174.458760974009	NA	NA	-507.978253839004	NA	-958.224867014876	-105.400879510344	-179.864644990531	-175.691227208548	-40.7805277843365	-77.2766980093361	-341.708436024098	-154.152745475485	NA	NA	-301.229863517548	-367.57817369165	-731.605181923863	-3.21795371627992	-12.4781801647215	NA	-3.87922011189781	NA	-318.471274986127	-40.3431136755714	-43.8588160171268	-256.380484649466	-6.46054606776544	-50.2247264942109	-268.002139137112	-70.7253654560674	NA	NA	-83.8768592378635	-137.623633792432	-8.03161500891006	NA	-19.0497312813854	-324.323946279983	-103.157745745122	NA	NA	-40.8385460007579	NA	-69.9907616270453	-58.6164715126527	NA	NA	-3.5850498530986	NA	NA	-3.21795371627992	NA	-92.5033689930579	-697.338423700275	NA	NA	-1214.14070722123	NA	NA	NA	-439.071744402529	-320.283484668266	NA	NA	NA	NA	NA	NA	NA	-23.2348620745224	-55.6052699856771	NA	NA	NA	NA	NA	NA	-12.9457307707365	NA	NA	-213.551803427541	NA	NA	NA	NA	-640.615551792769	NA	NA	NA	NA	-8.25196183218316	-20.7383924326068	NA	NA	NA	NA	NA	-175.518006466639	-917.48676502749	NA	NA	NA	NA	NA	NA	NA	-3.21795371627992	NA	NA	NA	NA	NA	NA	NA	NA	-22.0098834735544	NA	NA	NA	NA	NA	-243.594074724653	NA	-37.1896228318197	NA	NA	-3.72877934004591	NA	NA	-595.114264530153	-331.049696368657	NA	NA	-5.31430463718713	-98.6427320628819	NA	NA	NA	-141.990580692373	NA	NA	NA	NA	NA	NA	NA	NA	-207.244182827777	NA	NA	NA	NA	-35.7865461799354	NA	-295.760206706771	NA	NA	NA	NA	NA	NA	NA	NA	NA	NA	NA	-3.5850498530986	-3.21795371627992	NA	NA	NA	NA	NA	NA	NA	NA	-20.3327675808367	NA 
Depth 8 
cluster names:	 1	2	4	5	6	7	8	3	9	10	11	12	13	14	15	16	17	18	19	20	21	23	24	25	26	27	28	29	30	31	32	33	34	35	36	37	38	39	40	41	42	43	22	44	45	46	47	48	49	50	51	52	53	54	55	57	58	59	60	61	62	56	63	64	65	66	67	68	69	70	71	72	73	74	75	77	78	79	80	81	82	83	84	85	86	87	88	89	90	91	92	93	94	95	96	97	98	99	100	101	102	103	104	105	106	107	108	109	110	111	112	114	115	116	117	118	119	120	121	122	123	124	125	126	127	128	129	130	76	131	132	133	134	135	136	137	138	139	140	141	142	143	144	145	146	147	148	149	150	151	152	153	154	155	156	157	158	159	160	161	162	163	164	165	113	166	167	168	169	170	171	172	173	174	175	176	177	178	179	180	181	182	183	184	186	187	188	189	190	191	192	185	193	194	195	196	197	198	199	200	201	202	203	204	205	206	207	208	209	210	211	212	213	214	215	216	217	218	219	220	221	222	223	224	225	226	227	228	229	230	231	232	233	234	235	236	237	238	239	240	241	242	243	244	245	246	247 
cluster log marginal likelihood:	 NA	NA	NA	NA	NA	NA	NA	NA	-801.955157824689	NA	NA	NA	-585.425595426837	NA	-527.916285192935	NA	NA	NA	NA	-3.72877934004591	NA	NA	NA	NA	NA	NA	NA	NA	NA	NA	-3187.57473177557	NA	-376.299198342612	-2389.3791384214	NA	NA	NA	NA	NA	-3.21795371627992	-1544.82209944339	NA	NA	NA	-4359.4305445641	-1365.535187701	-1832.91374204878	NA	NA	-219.863824036533	NA	NA	NA	-1011.0445479888	NA	-314.558722142906	-1683.59566506701	NA	-2839.94779220689	NA	NA	NA	NA	NA	-345.920709950645	-174.458760974009	NA	NA	-507.978253839004	NA	-958.224867014876	-105.400879510344	-179.864644990531	-175.691227208548	NA	-77.2766980093361	-341.708436024098	-154.152745475485	NA	NA	-301.229863517548	-367.57817369165	-731.605181923863	-3.21795371627992	-12.4781801647215	NA	-3.87922011189781	NA	-318.471274986127	-40.3431136755714	-43.8588160171268	-256.380484649466	-6.46054606776544	-50.2247264942109	-268.002139137112	-70.7253654560674	NA	NA	-83.8768592378635	-137.623633792432	-8.03161500891006	NA	-19.0497312813854	-324.323946279983	-103.157745745122	NA	NA	-40.8385460007579	NA	-69.9907616270453	-34.0165290943877	NA	NA	-3.5850498530986	NA	NA	-3.21795371627992	NA	-92.5033689930579	-697.338423700275	NA	NA	-1214.14070722123	NA	NA	NA	-439.071744402529	-320.283484668266	NA	NA	NA	NA	NA	NA	NA	NA	-23.2348620745224	-55.6052699856771	NA	NA	NA	NA	NA	NA	-12.9457307707365	NA	NA	-213.551803427541	NA	NA	NA	NA	-640.615551792769	NA	NA	NA	NA	-8.25196183218316	-20.7383924326068	NA	NA	NA	NA	NA	NA	-175.518006466639	-917.48676502749	NA	NA	NA	NA	NA	NA	NA	-3.21795371627992	NA	NA	NA	NA	NA	NA	NA	NA	NA	NA	NA	NA	NA	NA	-243.594074724653	NA	NA	-37.1896228318197	NA	NA	-3.72877934004591	NA	NA	-595.114264530153	-331.049696368657	NA	NA	-5.31430463718713	-98.6427320628819	NA	NA	NA	-141.990580692373	NA	NA	NA	NA	NA	NA	NA	NA	-207.244182827777	NA	NA	NA	NA	-35.7865461799354	NA	-295.760206706771	NA	NA	NA	NA	NA	NA	NA	NA	NA	NA	NA	-3.5850498530986	-3.21795371627992	NA	NA	NA	NA	NA	NA	NA	NA	-20.3327675808367	NA 
Depth 9 
cluster names:	 1	2	3	4	5	6	7	8	9	10	11	12	13	14	15	16	17	18	19	20	21	22	23	24	25	26	27	28	29	30	31	32	33	34	35	36	37	38	39	40	41	42	43	44	45	46	47	48	49	50	51	52	53	54	55	56	57	58	59	60	61	62	63	64	65	66	67	68	69	70	71	72	73	74	75	76	77	78	79	80	81	82	83	84	85	86	87	88	89	90	91	92	93	94	95	96	97	98	99	100	101	102	103	104	105	106	107	108	109	110	111	113	114	115	116	117	118	119	120	121	122	123	124	125	126	127	128	129	130	131	132	133	134	135	136	137	138	139	140	141	142	143	144	145	146	147	148	149	150	151	152	153	154	155	156	157	158	112	159	160	161	162	163	164	165	166	167	168	169	170	171	172	173	174	175	176	177	178	179	180	181	182	183	184	185	186	187	188	189	190	191	192	193	194	195	196	197	198	199	200	201	202	203	204	205	206	207	208	209	210	211	212	213	214	215	216	217	218	219	220	221	222	223	224	225	226	227	228	229	230	231	232	233	234	235	236	237	238	239	240	241	242	243	244	245	246	247	248 
cluster log marginal likelihood:	 NA	NA	NA	NA	NA	NA	NA	NA	-801.955157824689	NA	NA	NA	-585.425595426837	NA	-527.916285192935	NA	NA	NA	NA	-3.72877934004591	NA	NA	NA	NA	NA	NA	NA	NA	NA	NA	-3187.57473177557	NA	-376.299198342612	-2389.3791384214	NA	NA	NA	NA	NA	-3.21795371627992	-1544.82209944339	NA	NA	NA	-4359.4305445641	-1365.535187701	-1832.91374204878	NA	NA	-219.863824036533	NA	NA	NA	-1011.0445479888	NA	-314.558722142906	-1683.59566506701	NA	-2839.94779220689	NA	NA	NA	NA	NA	-345.920709950645	-174.458760974009	NA	NA	-507.978253839004	NA	-958.224867014876	-105.400879510344	-179.864644990531	-175.691227208548	NA	-77.2766980093361	-341.708436024098	-154.152745475485	NA	NA	-301.229863517548	-367.57817369165	-731.605181923863	-3.21795371627992	-12.4781801647215	NA	-3.87922011189781	NA	-318.471274986127	-40.3431136755714	-43.8588160171268	-256.380484649466	-6.46054606776544	-50.2247264942109	-268.002139137112	-70.7253654560674	NA	NA	-83.8768592378635	-137.623633792432	-8.03161500891006	NA	-19.0497312813854	-324.323946279983	-103.157745745122	NA	NA	-40.8385460007579	NA	-69.9907616270453	NA	NA	NA	-3.5850498530986	NA	NA	-3.21795371627992	NA	-92.5033689930579	-697.338423700275	NA	NA	-1214.14070722123	NA	NA	NA	-439.071744402529	-320.283484668266	NA	NA	NA	NA	NA	NA	NA	NA	-23.2348620745224	-55.6052699856771	NA	NA	NA	NA	NA	NA	-12.9457307707365	NA	NA	-213.551803427541	NA	NA	NA	NA	-640.615551792769	NA	NA	NA	NA	NA	-8.25196183218316	-20.7383924326068	NA	NA	NA	NA	NA	NA	-175.518006466639	-917.48676502749	NA	NA	NA	NA	NA	NA	NA	-3.21795371627992	NA	NA	NA	NA	NA	NA	NA	NA	NA	NA	NA	NA	NA	NA	-243.594074724653	NA	NA	-37.1896228318197	NA	NA	-3.72877934004591	NA	NA	-595.114264530153	-331.049696368657	NA	NA	-5.31430463718713	-98.6427320628819	NA	NA	NA	-141.990580692373	NA	NA	NA	NA	NA	NA	NA	NA	-207.244182827777	NA	NA	NA	NA	-35.7865461799354	NA	-295.760206706771	NA	NA	NA	NA	NA	NA	NA	NA	NA	NA	NA	-3.5850498530986	-3.21795371627992	NA	NA	NA	NA	NA	NA	NA	NA	-20.3327675808367	NA 
Depth 10 
cluster names:	 1	2	3	4	5	6	7	8	9	10	11	12	13	14	15	16	17	18	19	20	21	22	23	24	25	26	27	28	29	30	31	32	33	34	35	36	37	38	39	40	41	42	43	44	45	46	47	48	49	50	51	52	53	54	55	56	57	58	59	60	61	62	63	64	65	66	67	68	69	70	71	72	73	74	75	76	77	78	79	80	81	82	83	84	85	86	87	88	89	90	91	92	93	94	95	96	97	98	99	100	101	102	103	104	105	106	107	108	109	110	111	112	113	114	115	116	117	118	119	120	121	122	123	124	125	126	127	128	129	130	131	132	133	134	135	136	137	138	139	140	141	142	143	144	145	146	147	148	149	150	151	152	153	154	155	156	157	158	159	160	161	162	163	164	165	166	167	168	169	170	171	172	173	174	175	176	177	178	179	180	181	182	183	184	185	186	187	188	189	190	191	192	193	194	195	196	197	198	199	200	201	202	203	204	205	206	207	208	209	210	211	212	213	214	215	216	217	218	219	220	221	222	223	224	225	226	227	228	229	230	231	232	233	234	235	236	237	238	239	240	241	242	243	244	245	246	247	248 
cluster log marginal likelihood:	 NA	NA	NA	NA	NA	NA	NA	NA	-801.955157824689	NA	NA	NA	-585.425595426837	NA	-527.916285192935	NA	NA	NA	NA	-3.72877934004591	NA	NA	NA	NA	NA	NA	NA	NA	NA	NA	-3187.57473177557	NA	-376.299198342612	-2389.3791384214	NA	NA	NA	NA	NA	-3.21795371627992	-1544.82209944339	NA	NA	NA	-4359.4305445641	-1365.535187701	-1832.91374204878	NA	NA	-219.863824036533	NA	NA	NA	-1011.0445479888	NA	-314.558722142906	-1683.59566506701	NA	-2839.94779220689	NA	NA	NA	NA	NA	-345.920709950645	-174.458760974009	NA	NA	-507.978253839004	NA	-958.224867014876	-105.400879510344	-179.864644990531	-175.691227208548	NA	-77.2766980093361	-341.708436024098	-154.152745475485	NA	NA	-301.229863517548	-367.57817369165	-731.605181923863	-3.21795371627992	-12.4781801647215	NA	-3.87922011189781	NA	-318.471274986127	-40.3431136755714	-43.8588160171268	-256.380484649466	-6.46054606776544	-50.2247264942109	-268.002139137112	-70.7253654560674	NA	NA	-83.8768592378635	-137.623633792432	-8.03161500891006	NA	-19.0497312813854	-324.323946279983	-103.157745745122	NA	NA	-40.8385460007579	NA	-69.9907616270453	NA	NA	NA	-3.5850498530986	NA	NA	-3.21795371627992	NA	-92.5033689930579	-697.338423700275	NA	NA	-1214.14070722123	NA	NA	NA	-439.071744402529	-320.283484668266	NA	NA	NA	NA	NA	NA	NA	NA	-23.2348620745224	-55.6052699856771	NA	NA	NA	NA	NA	NA	-12.9457307707365	NA	NA	-213.551803427541	NA	NA	NA	NA	-640.615551792769	NA	NA	NA	NA	NA	-8.25196183218316	-20.7383924326068	NA	NA	NA	NA	NA	NA	-175.518006466639	-917.48676502749	NA	NA	NA	NA	NA	NA	NA	-3.21795371627992	NA	NA	NA	NA	NA	NA	NA	NA	NA	NA	NA	NA	NA	NA	-243.594074724653	NA	NA	-37.1896228318197	NA	NA	-3.72877934004591	NA	NA	-595.114264530153	-331.049696368657	NA	NA	-5.31430463718713	-98.6427320628819	NA	NA	NA	-141.990580692373	NA	NA	NA	NA	NA	NA	NA	NA	-207.244182827777	NA	NA	NA	NA	-35.7865461799354	NA	-295.760206706771	NA	NA	NA	NA	NA	NA	NA	NA	NA	NA	NA	-3.5850498530986	-3.21795371627992	NA	NA	NA	NA	NA	NA	NA	NA	-20.3327675808367	NA 
Depth 11 
cluster names:	 1	2	3	4	5	6	7	8	9	10	11	12	13	14	15	16	17	18	19	20	21	22	23	24	25	26	27	28	29	30	31	32	33	34	35	36	37	38	39	40	41	42	43	44	45	46	47	48	49	50	51	52	53	54	55	56	57	58	59	60	61	62	63	64	65	66	67	68	69	70	71	72	73	74	75	76	77	78	79	80	81	82	83	84	85	86	87	88	89	90	91	92	93	94	95	96	97	98	99	100	101	102	103	104	105	106	107	108	109	110	111	112	113	114	115	116	117	118	119	120	121	122	123	124	125	126	127	128	129	130	131	132	133	134	135	136	137	138	139	140	141	142	143	144	145	146	147	148	149	150	151	152	153	154	155	156	157	158	159	160	161	162	163	164	165	166	167	168	169	170	171	172	173	174	175	176	177	178	179	180	181	182	183	184	185	186	187	188	189	190	191	192	193	194	195	196	197	198	199	200	201	202	203	204	205	206	207	208	209	210	211	212	213	214	215	216	217	218	219	220	221	222	223	224	225	226	227	228	229	230	231	232	233	234	235	236	237	238	239	240	241	242	243	244	245	246	247	248 
cluster log marginal likelihood:	 NA	NA	NA	NA	NA	NA	NA	NA	-801.955157824689	NA	NA	NA	-585.425595426837	NA	-527.916285192935	NA	NA	NA	NA	-3.72877934004591	NA	NA	NA	NA	NA	NA	NA	NA	NA	NA	-3187.57473177557	NA	-376.299198342612	-2389.3791384214	NA	NA	NA	NA	NA	-3.21795371627992	-1544.82209944339	NA	NA	NA	-4359.4305445641	-1365.535187701	-1832.91374204878	NA	NA	-219.863824036533	NA	NA	NA	-1011.0445479888	NA	-314.558722142906	-1683.59566506701	NA	-2839.94779220689	NA	NA	NA	NA	NA	-345.920709950645	-174.458760974009	NA	NA	-507.978253839004	NA	-958.224867014876	-105.400879510344	-179.864644990531	-175.691227208548	NA	-77.2766980093361	-341.708436024098	-154.152745475485	NA	NA	-301.229863517548	-367.57817369165	-731.605181923863	-3.21795371627992	-12.4781801647215	NA	-3.87922011189781	NA	-318.471274986127	-40.3431136755714	-43.8588160171268	-256.380484649466	-6.46054606776544	-50.2247264942109	-268.002139137112	-70.7253654560674	NA	NA	-83.8768592378635	-137.623633792432	-8.03161500891006	NA	-19.0497312813854	-324.323946279983	-103.157745745122	NA	NA	-40.8385460007579	NA	-69.9907616270453	NA	NA	NA	-3.5850498530986	NA	NA	-3.21795371627992	NA	-92.5033689930579	-697.338423700275	NA	NA	-1214.14070722123	NA	NA	NA	-439.071744402529	-320.283484668266	NA	NA	NA	NA	NA	NA	NA	NA	-23.2348620745224	-55.6052699856771	NA	NA	NA	NA	NA	NA	-12.9457307707365	NA	NA	-213.551803427541	NA	NA	NA	NA	-640.615551792769	NA	NA	NA	NA	NA	-8.25196183218316	-20.7383924326068	NA	NA	NA	NA	NA	NA	-175.518006466639	-917.48676502749	NA	NA	NA	NA	NA	NA	NA	-3.21795371627992	NA	NA	NA	NA	NA	NA	NA	NA	NA	NA	NA	NA	NA	NA	-243.594074724653	NA	NA	-37.1896228318197	NA	NA	-3.72877934004591	NA	NA	-595.114264530153	-331.049696368657	NA	NA	-5.31430463718713	-98.6427320628819	NA	NA	NA	-141.990580692373	NA	NA	NA	NA	NA	NA	NA	NA	-207.244182827777	NA	NA	NA	NA	-35.7865461799354	NA	-295.760206706771	NA	NA	NA	NA	NA	NA	NA	NA	NA	NA	NA	-3.5850498530986	-3.21795371627992	NA	NA	NA	NA	NA	NA	NA	NA	-20.3327675808367	NA 
