Depth 0 
cluster names:	 1 
cluster log marginal likelihood:	 -24832.3925494545 
Depth 1 
cluster names:	 1	2	3	4	5	6	7	8 
cluster log marginal likelihood:	 -3121.1022901221	-561.575437586793	-1274.64130901575	-2657.91597561608	-3050.61007434679	-495.167999571823	-912.924686195229	-2049.94506516016 
Depth 2 
cluster names:	 1	3	6	10	7	13	11	4	18	8	21	14	22	15	2	24	16	5	12	17	9	23	19	20 
cluster log marginal likelihood:	 -1387.68541959683	NA	NA	-1051.78360347818	-108.51872882625	-303.118058936945	-257.611973955776	-230.463357993684	-108.964643515952	-216.067945085046	-118.437501222968	NA	-340.386685547032	-627.466458570404	-1092.60198426035	-2049.94506516016	-164.030763437817	NA	-356.972674065351	-357.573791786808	-54.9480349809971	-44.4632058628891	-85.4828678862286	-14.724672568517 
Depth 3 
cluster names:	 1	3	4	5	8	9	11	12	14	2	6	13	16	19	22	17	18	10	25	20	26	30	32	34	31	35	37	7	38	36	27	39	23	15	40	21	42	43	44	41	45	46	28	24	29	48	33	49	47 
cluster log marginal likelihood:	 -590.113904495666	NA	NA	-431.607327548285	NA	-39.1782247413639	-303.118058936945	-131.709592917352	-69.5595256443362	-456.043767030085	-137.445590137774	NA	-21.4877638431697	-39.3270112716032	NA	NA	-11.6308823043343	NA	NA	NA	-57.689760549155	-295.261978730847	-611.112883789091	-2049.94506516016	-164.814413628237	-61.7262975349396	NA	-27.9768258556999	-93.5549024883962	-39.6565168293737	-35.3863928828392	-130.292495278012	NA	-82.1932481997792	-45.3952666262694	NA	-22.27584433284	NA	-44.4632058628891	-222.536131637411	NA	NA	NA	-24.1130415418516	NA	-6.46054606776544	-212.068020620552	NA	NA 
Depth 4 
cluster names:	 1	3	4	2	5	7	8	9	10	13	15	17	16	20	21	22	23	6	24	25	26	27	28	14	11	29	30	32	35	37	38	39	41	40	42	33	43	44	47	34	50	31	51	36	53	54	45	55	12	56	57	58	46	48	52	59	61	49	60	62	18	63	64	65	66	67	68	69	70	71	74	72	19	75	73 
cluster log marginal likelihood:	 NA	NA	NA	-386.940942101453	-136.746088879147	NA	-39.1782247413639	-303.118058936945	NA	-37.2371832527379	-235.815714215117	-32.1602311040221	-88.1751160681079	NA	NA	NA	-39.3270112716032	-151.09932782359	NA	NA	-11.6308823043343	NA	NA	NA	NA	NA	NA	-104.333550274669	-110.977796538604	-2049.94506516016	-71.3370687852424	NA	-9.20125400506316	NA	-28.8245841893749	-29.2198187099346	NA	NA	NA	-16.0216230698284	-39.6565168293737	NA	NA	-344.550301215684	-26.7273521055541	-53.6664188652486	NA	NA	-46.234971210957	-82.1932481997792	-45.3952666262694	NA	NA	NA	-12.2029925787545	NA	NA	NA	NA	-44.4632058628891	NA	-222.536131637411	NA	NA	NA	NA	NA	NA	-6.46054606776544	-55.7945110051365	NA	-20.7380799514223	NA	NA	NA 
Depth 5 
cluster names:	 1	2	3	4	6	7	8	9	10	5	11	13	16	18	14	20	21	22	12	23	24	26	25	27	28	29	30	31	32	33	15	17	19	34	35	36	39	40	41	42	43	44	45	47	48	49	50	52	51	46	53	54	55	56	58	59	60	61	64	65	66	67	68	62	69	70	71	72	73	74	63	75	76	57	77	37	78	38	79	80	81	82	83	84	85	86	88	87	89	90 
cluster log marginal likelihood:	 NA	NA	NA	-231.148907353294	-136.746088879147	NA	-39.1782247413639	-303.118058936945	NA	NA	-23.2759820509943	-15.2301495997586	NA	NA	-104.098147339366	NA	NA	NA	NA	-39.3270112716032	NA	NA	-77.9360827821917	NA	-11.6308823043343	NA	NA	NA	NA	NA	NA	NA	NA	NA	-104.333550274669	NA	-2049.94506516016	-71.3370687852424	NA	-9.20125400506316	NA	-28.8245841893749	-3.5850498530986	NA	NA	NA	NA	-39.6565168293737	NA	-9.03455684450675	NA	NA	-344.550301215684	NA	-53.6664188652486	NA	NA	NA	-82.1932481997792	-45.3952666262694	NA	NA	NA	-8.8430228874162	-12.2029925787545	NA	NA	NA	NA	-44.4632058628891	NA	NA	-222.536131637411	-9.7645721317712	NA	NA	NA	-36.2146204717953	NA	NA	NA	NA	-6.46054606776544	-55.7945110051365	NA	-3.21795371627992	NA	NA	NA	NA 
Depth 6 
cluster names:	 1	2	3	4	7	8	9	10	11	12	13	14	15	16	5	17	6	19	20	21	22	23	24	25	26	27	28	29	30	31	18	32	33	34	35	36	37	38	39	40	41	42	43	44	45	46	47	48	49	50	51	52	53	54	55	56	57	58	59	60	61	62	63	64	65	66	67	68	70	71	72	73	74	75	76	77	69	78	79	80	81	82	83	84	86	87	88	89	90	85	91	92	93	94	95	96	97 
cluster log marginal likelihood:	 NA	NA	NA	-87.0765037794398	-136.746088879147	NA	-39.1782247413639	-303.118058936945	NA	NA	-23.2759820509943	-15.2301495997586	NA	NA	NA	-71.6553214565032	NA	NA	NA	NA	NA	-39.3270112716032	NA	NA	NA	NA	NA	-11.6308823043343	NA	NA	NA	NA	NA	NA	NA	NA	NA	NA	-104.333550274669	NA	-2049.94506516016	-71.3370687852424	NA	-9.20125400506316	NA	-28.8245841893749	-3.5850498530986	NA	NA	NA	NA	-39.6565168293737	NA	-9.03455684450675	NA	NA	-344.550301215684	NA	-53.6664188652486	NA	NA	NA	-82.1932481997792	-45.3952666262694	NA	NA	NA	NA	-12.2029925787545	NA	NA	NA	NA	-44.4632058628891	NA	NA	NA	-222.536131637411	NA	NA	NA	NA	NA	NA	NA	NA	NA	NA	-6.46054606776544	NA	-55.7945110051365	NA	-3.21795371627992	NA	NA	NA	NA 
Depth 7 
cluster names:	 1	2	3	4	6	5	7	8	9	10	11	12	13	14	15	16	17	18	19	20	21	22	23	24	25	26	27	28	29	30	31	32	33	34	35	36	37	38	39	40	41	42	43	44	45	46	47	48	49	50	51	52	53	54	55	56	57	58	59	60	61	62	63	64	65	66	67	68	69	70	71	72	73	74	75	76	77	78	79	80	81	82	83	84	85	86	87	88	89	90	91	92	93	94	95	96	97	98	99 
cluster log marginal likelihood:	 NA	NA	NA	NA	-136.746088879147	NA	NA	-39.1782247413639	-303.118058936945	NA	NA	-23.2759820509943	-15.2301495997586	NA	NA	NA	NA	-37.4822649971874	NA	NA	NA	NA	NA	-39.3270112716032	NA	NA	NA	NA	NA	-11.6308823043343	NA	NA	NA	NA	NA	NA	NA	NA	NA	NA	-104.333550274669	NA	-2049.94506516016	-71.3370687852424	NA	-9.20125400506316	NA	-28.8245841893749	-3.5850498530986	NA	NA	NA	NA	-39.6565168293737	NA	-9.03455684450675	NA	NA	-344.550301215684	NA	-53.6664188652486	NA	NA	NA	-82.1932481997792	-45.3952666262694	NA	NA	NA	NA	-12.2029925787545	NA	NA	NA	NA	-44.4632058628891	NA	NA	NA	-222.536131637411	NA	NA	NA	NA	NA	NA	NA	NA	NA	NA	-6.46054606776544	NA	-55.7945110051365	NA	-3.21795371627992	NA	NA	NA	NA 
Depth 8 
cluster names:	 1	2	3	4	5	6	7	8	9	10	11	12	13	14	15	16	17	18	20	19	21	22	23	24	25	26	27	28	29	30	31	32	33	34	35	36	37	38	39	40	41	42	43	44	45	46	47	48	49	50	51	52	53	54	55	56	57	58	59	60	61	62	63	64	65	66	67	68	69	70	71	72	73	74	75	76	77	78	79	80	81	82	83	84	85	86	87	88	89	90	91	92	93	94	95	96	97	98	99	100 
cluster log marginal likelihood:	 NA	NA	NA	NA	-136.746088879147	NA	NA	-39.1782247413639	-303.118058936945	NA	NA	-23.2759820509943	-15.2301495997586	NA	NA	NA	NA	NA	NA	NA	NA	NA	NA	NA	-39.3270112716032	NA	NA	NA	NA	NA	-11.6308823043343	NA	NA	NA	NA	NA	NA	NA	NA	NA	NA	-104.333550274669	NA	-2049.94506516016	-71.3370687852424	NA	-9.20125400506316	NA	-28.8245841893749	-3.5850498530986	NA	NA	NA	NA	-39.6565168293737	NA	-9.03455684450675	NA	NA	-344.550301215684	NA	-53.6664188652486	NA	NA	NA	-82.1932481997792	-45.3952666262694	NA	NA	NA	NA	-12.2029925787545	NA	NA	NA	NA	-44.4632058628891	NA	NA	NA	-222.536131637411	NA	NA	NA	NA	NA	NA	NA	NA	NA	NA	-6.46054606776544	NA	-55.7945110051365	NA	-3.21795371627992	NA	NA	NA	NA 
Depth 9 
cluster names:	 1	2	3	4	5	6	7	8	9	10	11	12	13	14	15	16	17	18	19	20	21	22	23	24	25	26	27	28	29	30	31	32	33	34	35	36	37	38	39	40	41	42	43	44	45	46	47	48	49	50	51	52	53	54	55	56	57	58	59	60	61	62	63	64	65	66	67	68	69	70	71	72	73	74	75	76	77	78	79	80	81	82	83	84	85	86	87	88	89	90	91	92	93	94	95	96	97	98	99	100 
cluster log marginal likelihood:	 NA	NA	NA	NA	-136.746088879147	NA	NA	-39.1782247413639	-303.118058936945	NA	NA	-23.2759820509943	-15.2301495997586	NA	NA	NA	NA	NA	NA	NA	NA	NA	NA	NA	-39.3270112716032	NA	NA	NA	NA	NA	-11.6308823043343	NA	NA	NA	NA	NA	NA	NA	NA	NA	NA	-104.333550274669	NA	-2049.94506516016	-71.3370687852424	NA	-9.20125400506316	NA	-28.8245841893749	-3.5850498530986	NA	NA	NA	NA	-39.6565168293737	NA	-9.03455684450675	NA	NA	-344.550301215684	NA	-53.6664188652486	NA	NA	NA	-82.1932481997792	-45.3952666262694	NA	NA	NA	NA	-12.2029925787545	NA	NA	NA	NA	-44.4632058628891	NA	NA	NA	-222.536131637411	NA	NA	NA	NA	NA	NA	NA	NA	NA	NA	-6.46054606776544	NA	-55.7945110051365	NA	-3.21795371627992	NA	NA	NA	NA 
Depth 10 
cluster names:	 1	2	3	4	5	6	7	8	9	10	11	12	13	14	15	16	17	18	19	20	21	22	23	24	25	26	27	28	29	30	31	32	33	34	35	36	37	38	39	40	41	42	43	44	45	46	47	48	49	50	51	52	53	54	55	56	57	58	59	60	61	62	63	64	65	66	67	68	69	70	71	72	73	74	75	76	77	78	79	80	81	82	83	84	85	86	87	88	89	90	91	92	93	94	95	96	97	98	99	100 
cluster log marginal likelihood:	 NA	NA	NA	NA	-136.746088879147	NA	NA	-39.1782247413639	-303.118058936945	NA	NA	-23.2759820509943	-15.2301495997586	NA	NA	NA	NA	NA	NA	NA	NA	NA	NA	NA	-39.3270112716032	NA	NA	NA	NA	NA	-11.6308823043343	NA	NA	NA	NA	NA	NA	NA	NA	NA	NA	-104.333550274669	NA	-2049.94506516016	-71.3370687852424	NA	-9.20125400506316	NA	-28.8245841893749	-3.5850498530986	NA	NA	NA	NA	-39.6565168293737	NA	-9.03455684450675	NA	NA	-344.550301215684	NA	-53.6664188652486	NA	NA	NA	-82.1932481997792	-45.3952666262694	NA	NA	NA	NA	-12.2029925787545	NA	NA	NA	NA	-44.4632058628891	NA	NA	NA	-222.536131637411	NA	NA	NA	NA	NA	NA	NA	NA	NA	NA	-6.46054606776544	NA	-55.7945110051365	NA	-3.21795371627992	NA	NA	NA	NA 
Depth 11 
cluster names:	 1	2	3	4	5	6	7	8	9	10	11	12	13	14	15	16	17	18	19	20	21	22	23	24	25	26	27	28	29	30	31	32	33	34	35	36	37	38	39	40	41	42	43	44	45	46	47	48	49	50	51	52	53	54	55	56	57	58	59	60	61	62	63	64	65	66	67	68	69	70	71	72	73	74	75	76	77	78	79	80	81	82	83	84	85	86	87	88	89	90	91	92	93	94	95	96	97	98	99	100 
cluster log marginal likelihood:	 NA	NA	NA	NA	-136.746088879147	NA	NA	-39.1782247413639	-303.118058936945	NA	NA	-23.2759820509943	-15.2301495997586	NA	NA	NA	NA	NA	NA	NA	NA	NA	NA	NA	-39.3270112716032	NA	NA	NA	NA	NA	-11.6308823043343	NA	NA	NA	NA	NA	NA	NA	NA	NA	NA	-104.333550274669	NA	-2049.94506516016	-71.3370687852424	NA	-9.20125400506316	NA	-28.8245841893749	-3.5850498530986	NA	NA	NA	NA	-39.6565168293737	NA	-9.03455684450675	NA	NA	-344.550301215684	NA	-53.6664188652486	NA	NA	NA	-82.1932481997792	-45.3952666262694	NA	NA	NA	NA	-12.2029925787545	NA	NA	NA	NA	-44.4632058628891	NA	NA	NA	-222.536131637411	NA	NA	NA	NA	NA	NA	NA	NA	NA	NA	-6.46054606776544	NA	-55.7945110051365	NA	-3.21795371627992	NA	NA	NA	NA 
