Depth 0 
cluster names:	 1 
cluster log marginal likelihood:	 -65524.8877053032 
Depth 1 
cluster names:	 1	2	3	4	5	6	7	8	9	10	11 
cluster log marginal likelihood:	 -2199.06365375106	-3529.79142533642	-2060.67427397936	-3002.49257455947	-4742.54592213344	-1210.99246573796	-6940.01524511849	-2948.01033540516	-8376.03053978542	-4969.09585806215	-1655.63629334112 
Depth 2 
cluster names:	 1	2	5	7	8	6	9	11	14	16	17	15	18	21	3	23	19	27	24	25	12	26	20	28	29	4	22	30	10	13 
cluster log marginal likelihood:	 -231.787710746184	-370.494598040377	-822.696471010791	-403.91916131446	-158.647401360474	-2006.60830229025	NA	-273.819639093392	-2190.33545881114	-463.644534361171	-433.742056965822	-1718.70600186654	-1231.36876395778	-1475.43906987225	-253.126957668216	-2003.67260349132	-1948.85717278091	-1440.26949436203	-1630.74905478607	-631.505357864872	-1552.6628513875	-1103.61655572895	-1687.99652302444	-2418.62651954978	-537.737201291481	-21.1537736407422	-767.1094605351	-707.898776638935	-49.1199209627904	-283.920805614697 
Depth 3 
cluster names:	 1	4	8	11	12	14	16	18	5	17	19	20	22	24	23	26	6	7	27	15	21	30	31	13	28	25	9	32	35	37	39	10	43	36	2	46	49	29	44	51	52	47	55	33	59	40	61	62	63	45	50	38	66	64	65	41	3	53	48	56	57	58	54	68	69	60	70	34	42	67 
cluster log marginal likelihood:	 NA	-65.05947967908	-261.054637826515	NA	-55.9917386730164	NA	-1390.96947644387	NA	NA	-231.424798494095	-273.819639093392	-710.543633320008	-125.845007753778	-171.650168387482	-164.590209423788	-1718.70600186654	NA	-18.7910076486862	-336.51898292585	-23.9094293795851	-952.373596639927	-1124.73554688227	-79.7961760500104	NA	-144.03199485668	-117.580436919369	NA	-38.3881285225142	-1285.35461543511	-1043.19705033457	-105.277466586004	-123.128527443696	-628.217943871997	-332.843719489622	-24.3665798811386	-131.86006217817	-1026.29505407942	-180.097610887496	-411.724982022257	-325.87558752496	-101.972294663344	-64.8858458858614	-360.033559194667	-48.1263327835181	-1438.61316357275	-546.121648534041	-537.737201291481	-21.1537736407422	-195.719792728069	-19.3079469502439	-179.396011562167	-434.624908441039	-354.853558953094	-120.742787078235	-108.116679554607	-33.5810006701783	NA	-80.9259373306978	-116.712886967256	-31.2083346892478	-244.997964517315	-184.149990757737	-22.5887738833021	NA	-23.6810781347918	-464.976901968206	-283.920805614697	NA	-5.4231333916205	-153.222598566763 
Depth 4 
cluster names:	 1	2	4	5	6	7	8	9	11	10	12	13	3	14	15	17	18	19	22	16	23	25	26	27	20	29	28	31	33	37	38	40	32	21	41	42	43	44	24	45	46	48	49	51	53	55	57	50	60	61	62	39	64	65	66	56	67	47	68	69	71	74	34	75	77	79	52	35	80	70	30	81	82	78	83	86	72	87	88	90	93	84	96	97	99	101	102	36	91	63	94	100	103	105	107	110	108	73	112	113	114	115	116	117	104	76	92	111	106	58	98	85	109	59	54	118	119	89	120	95 
cluster log marginal likelihood:	 NA	NA	NA	NA	NA	NA	NA	NA	NA	NA	-1390.96947644387	NA	-35.6422668363795	NA	-71.9905323358829	-273.819639093392	-710.543633320008	-34.5045049916077	-171.650168387482	-60.4443770034205	-98.996653568943	-1718.70600186654	NA	NA	NA	-253.358656660365	NA	NA	-174.663695933053	-1124.73554688227	-10.2139640430169	NA	NA	NA	-144.03199485668	-23.5189776298878	NA	-16.0117141628814	NA	NA	NA	-1285.35461543511	-372.464564334529	NA	NA	-331.898136666483	-171.997577328664	-423.164778412146	NA	NA	-74.0677751023821	-32.4070911819536	-1026.29505407942	-86.3517049544184	-22.1827183548506	-126.849282113996	-101.411412971354	NA	-177.965783892434	-83.8459391859001	-9.50951769685809	-64.8858458858614	-66.0762668899435	-157.840459830201	NA	-1438.61316357275	NA	-114.093808630236	-546.121648534041	-138.196554432684	NA	-537.737201291481	-21.1537736407422	NA	NA	-19.3079469502439	-11.6531188476499	NA	-18.8294168951828	NA	-165.971722346027	-63.0789636843914	-120.742787078235	-66.5617276892048	-10.1661106514935	NA	-80.9259373306978	-74.0256125973674	-152.850067239249	-3.21795371627992	NA	NA	-78.5787156972811	-4.33325844808291	-115.51645831521	-77.5389097779619	NA	NA	-22.5887738833021	NA	-7.18431714852285	NA	-464.976901968206	-283.920805614697	NA	-70.7212368213933	-9.50951769685809	-47.146766977257	NA	NA	NA	NA	NA	NA	NA	NA	-5.4231333916205	-29.1261382384549	-153.222598566763	-25.1228704255879 
Depth 5 
cluster names:	 1	2	3	4	5	6	7	8	9	10	11	12	13	14	16	15	17	19	20	21	23	24	25	26	28	18	29	30	31	32	35	22	27	36	33	37	41	42	43	44	45	34	46	47	49	50	48	51	52	53	54	55	56	57	58	59	60	61	63	65	66	67	68	71	73	64	74	75	77	62	78	38	76	80	81	79	83	85	87	69	88	91	94	95	96	97	99	100	101	102	82	86	103	104	105	106	84	107	108	109	110	111	113	114	115	72	118	119	70	120	121	123	89	126	98	90	127	128	39	40	129	132	92	133	124	125	136	112	137	138	139	140	141	142	143	144	130	131	145	146	149	134	150	151	152	154	122	93	155	153	116	156	157	158	135	159	160	117	161	147	148	162	163	164	165	166	167 
cluster log marginal likelihood:	 NA	NA	NA	NA	NA	NA	NA	NA	NA	NA	-1390.96947644387	NA	NA	NA	NA	NA	-37.4822649971874	-273.819639093392	-710.543633320008	NA	-171.650168387482	NA	NA	NA	-1718.70600186654	NA	NA	NA	NA	NA	NA	NA	NA	NA	-116.486087248647	NA	-1124.73554688227	-10.2139640430169	NA	NA	NA	-9.50951769685809	-144.03199485668	NA	NA	NA	-8.25196183218316	NA	NA	NA	NA	NA	-1285.35461543511	-55.7913296157389	-202.885720432527	NA	NA	-245.463997029279	-61.8655807849716	-423.164778412146	NA	NA	NA	NA	-1026.29505407942	-43.6207788545448	-86.3517049544184	-8.21616133139747	-126.849282113996	NA	-44.7726356577318	NA	NA	NA	-96.7089575352965	NA	NA	NA	-64.8858458858614	-15.2595544561829	-17.3969737154722	-16.7145019515071	NA	-1438.61316357275	NA	-30.550793191588	-546.121648534041	-138.196554432684	NA	-537.737201291481	-17.3969737154722	NA	-21.1537736407422	NA	NA	-19.3079469502439	-46.8578790973916	-11.6531188476499	NA	-18.8294168951828	NA	-77.6087903598167	-63.0789636843914	-120.742787078235	-21.7630233956229	NA	-10.1661106514935	NA	NA	-80.9259373306978	-34.813834746606	-16.4409895024575	-3.21795371627992	-3.21795371627992	-34.068894682861	NA	NA	NA	NA	-47.9295669317314	-30.8247875127419	-4.33325844808291	-48.2443374418057	-38.5827318660459	-33.9699628412244	NA	-77.5389097779619	-30.8967357672346	NA	NA	-22.5887738833021	NA	-7.18431714852285	NA	-464.976901968206	-283.920805614697	NA	NA	NA	NA	NA	NA	NA	NA	-6.46054606776544	NA	NA	NA	NA	NA	NA	NA	NA	NA	NA	NA	NA	NA	NA	NA	NA	-5.4231333916205	-11.0946770867866	NA	-153.222598566763	NA	-4.97783240056592 
Depth 6 
cluster names:	 1	2	3	4	5	6	7	8	9	10	11	12	13	14	15	16	17	19	20	21	22	23	24	25	26	27	28	29	30	31	32	33	18	34	35	36	38	39	40	41	42	43	44	45	46	47	48	49	50	51	52	37	53	54	55	56	57	59	58	61	62	63	64	60	66	67	68	69	70	71	72	74	75	77	78	79	81	82	76	83	84	85	86	65	80	87	88	89	90	92	94	95	96	97	99	100	101	102	73	103	105	106	107	108	109	110	111	112	113	114	115	116	117	118	120	121	122	123	91	124	125	127	98	129	130	131	132	133	134	135	136	139	140	141	143	145	146	147	148	149	150	152	153	154	104	119	155	156	157	158	159	160	161	162	163	164	165	166	128	144	167	168	169	170	93	142	171	172	126	173	174	175	176	137	177	178	179	138	180	181	182	183	184	185	151	186	187	188	189	190 
cluster log marginal likelihood:	 NA	NA	NA	NA	NA	NA	NA	NA	NA	NA	-1390.96947644387	NA	NA	NA	NA	NA	NA	-273.819639093392	-710.543633320008	NA	-171.650168387482	NA	NA	NA	-1718.70600186654	NA	NA	NA	NA	NA	NA	NA	NA	NA	NA	-72.772145104249	NA	-1124.73554688227	-10.2139640430169	NA	NA	NA	NA	NA	-144.03199485668	NA	NA	NA	-8.25196183218316	NA	NA	NA	NA	NA	NA	-1285.35461543511	-20.1249379244929	-99.1960564194866	-7.18431714852285	NA	NA	-245.463997029279	-37.2657997072288	-39.4995434902523	-423.164778412146	NA	NA	NA	NA	-1026.29505407942	NA	-86.3517049544184	NA	-126.849282113996	NA	NA	NA	NA	NA	NA	-96.7089575352965	NA	NA	NA	NA	NA	-64.8858458858614	-15.2595544561829	NA	-6.46054606776544	NA	-1438.61316357275	NA	NA	-546.121648534041	-138.196554432684	NA	-537.737201291481	NA	NA	NA	-21.1537736407422	NA	NA	-19.3079469502439	-46.8578790973916	-11.6531188476499	NA	-18.8294168951828	NA	-77.6087903598167	-63.0789636843914	-120.742787078235	NA	NA	-10.1661106514935	NA	NA	NA	-80.9259373306978	-10.9149128393321	NA	NA	-3.21795371627992	-3.21795371627992	-34.068894682861	NA	NA	NA	NA	-10.4040872155661	-30.8247875127419	-4.33325844808291	-25.4756193763542	-7.90007978442399	NA	NA	NA	-77.5389097779619	-3.5850498530986	NA	NA	NA	-22.5887738833021	NA	NA	NA	-7.18431714852285	NA	-464.976901968206	-283.920805614697	NA	NA	NA	NA	NA	NA	NA	NA	NA	NA	-6.46054606776544	NA	NA	NA	NA	NA	NA	NA	NA	NA	NA	NA	NA	NA	NA	NA	NA	NA	NA	NA	NA	NA	-5.4231333916205	NA	-11.0946770867866	NA	-153.222598566763	NA	-4.97783240056592 
Depth 7 
cluster names:	 1	2	3	4	5	6	7	8	9	10	11	12	13	14	15	16	17	18	19	20	21	22	23	24	25	26	27	28	29	30	31	32	33	34	35	36	38	39	40	41	42	43	37	44	45	46	47	48	49	50	51	52	53	54	55	56	57	58	61	64	59	65	66	67	68	70	72	73	74	75	76	62	77	78	79	80	81	82	83	71	84	60	85	86	63	87	88	89	90	91	92	93	94	95	96	97	69	98	99	100	101	102	103	104	105	106	107	108	109	110	111	112	113	114	115	116	117	118	119	120	121	122	123	124	125	126	127	128	130	131	132	133	134	135	136	137	138	129	139	140	141	142	143	145	147	148	149	150	151	152	153	154	155	156	157	158	159	160	161	162	163	164	165	166	167	168	169	170	171	172	173	174	175	176	144	177	178	179	146	180	181	182	183	184	185	186	187	188	189	190	191	192	193	194	195	196	197	198	199	200	201 
cluster log marginal likelihood:	 NA	NA	NA	NA	NA	NA	NA	NA	NA	NA	-1390.96947644387	NA	NA	NA	NA	NA	NA	-273.819639093392	-710.543633320008	NA	-171.650168387482	NA	NA	NA	-1718.70600186654	NA	NA	NA	NA	NA	NA	NA	NA	NA	NA	-31.2726627217042	NA	-1124.73554688227	-10.2139640430169	NA	NA	NA	NA	NA	NA	-144.03199485668	NA	NA	NA	-8.25196183218316	NA	NA	NA	NA	NA	NA	-1285.35461543511	NA	-42.1342612639721	-7.18431714852285	NA	NA	NA	-245.463997029279	NA	-23.142598674761	-423.164778412146	NA	NA	NA	NA	NA	-1026.29505407942	NA	-86.3517049544184	NA	-126.849282113996	NA	NA	NA	NA	NA	NA	NA	NA	NA	-96.7089575352965	NA	NA	NA	NA	NA	-64.8858458858614	-15.2595544561829	NA	-6.46054606776544	NA	NA	-1438.61316357275	NA	NA	-546.121648534041	-138.196554432684	NA	-537.737201291481	NA	NA	NA	-21.1537736407422	NA	NA	-19.3079469502439	-46.8578790973916	-11.6531188476499	NA	-18.8294168951828	NA	-77.6087903598167	-63.0789636843914	-120.742787078235	NA	NA	-10.1661106514935	NA	NA	NA	-80.9259373306978	NA	NA	NA	-3.21795371627992	-3.21795371627992	-34.068894682861	NA	NA	NA	NA	NA	NA	NA	-30.8247875127419	-4.33325844808291	NA	NA	NA	NA	NA	-77.5389097779619	-3.5850498530986	NA	NA	NA	-22.5887738833021	NA	NA	NA	-7.18431714852285	NA	-464.976901968206	-283.920805614697	NA	NA	NA	NA	NA	NA	NA	NA	NA	NA	-6.46054606776544	NA	NA	NA	NA	NA	NA	NA	NA	NA	NA	NA	NA	NA	NA	NA	NA	NA	NA	NA	NA	NA	NA	NA	-5.4231333916205	NA	-11.0946770867866	NA	-153.222598566763	NA	-4.97783240056592 
Depth 8 
cluster names:	 1	2	3	4	5	6	7	8	9	10	11	12	13	14	15	16	17	18	19	20	21	22	23	24	25	26	27	28	29	30	31	32	33	34	35	36	39	40	41	42	43	44	45	46	47	37	48	49	50	51	38	52	53	54	55	56	57	58	59	60	61	63	64	65	66	67	68	69	62	70	71	72	73	74	75	76	77	78	79	80	81	82	83	84	85	86	87	88	89	90	91	92	93	94	95	96	97	98	99	100	101	102	103	104	105	106	107	108	109	110	111	112	113	114	115	116	117	118	119	120	121	122	123	124	125	126	127	128	129	130	131	132	133	134	135	136	137	138	139	140	141	142	143	144	145	146	147	148	149	150	151	152	153	154	155	156	157	158	159	160	161	162	163	164	165	166	167	168	169	170	171	172	173	174	175	176	177	178	179	180	181	182	183	184	185	186	187	188	189	190	191	192	193	194	195	196	197	198	199	200	201	202	203	204 
cluster log marginal likelihood:	 NA	NA	NA	NA	NA	NA	NA	NA	NA	NA	-1390.96947644387	NA	NA	NA	NA	NA	NA	-273.819639093392	-710.543633320008	NA	-171.650168387482	NA	NA	NA	-1718.70600186654	NA	NA	NA	NA	NA	NA	NA	NA	NA	NA	NA	NA	-1124.73554688227	-10.2139640430169	NA	NA	NA	NA	NA	NA	NA	-144.03199485668	NA	NA	NA	NA	-8.25196183218316	NA	NA	NA	NA	NA	NA	-1285.35461543511	NA	-26.0279514860313	-7.18431714852285	NA	NA	NA	-245.463997029279	NA	-23.142598674761	NA	-423.164778412146	NA	NA	NA	NA	NA	-1026.29505407942	NA	-86.3517049544184	NA	-126.849282113996	NA	NA	NA	NA	NA	NA	NA	NA	NA	-96.7089575352965	NA	NA	NA	NA	NA	-64.8858458858614	-15.2595544561829	NA	-6.46054606776544	NA	NA	-1438.61316357275	NA	NA	-546.121648534041	-138.196554432684	NA	-537.737201291481	NA	NA	NA	-21.1537736407422	NA	NA	-19.3079469502439	-46.8578790973916	-11.6531188476499	NA	-18.8294168951828	NA	-77.6087903598167	-63.0789636843914	-120.742787078235	NA	NA	-10.1661106514935	NA	NA	NA	-80.9259373306978	NA	NA	NA	-3.21795371627992	-3.21795371627992	-34.068894682861	NA	NA	NA	NA	NA	NA	NA	-30.8247875127419	-4.33325844808291	NA	NA	NA	NA	NA	-77.5389097779619	-3.5850498530986	NA	NA	NA	-22.5887738833021	NA	NA	NA	-7.18431714852285	NA	-464.976901968206	-283.920805614697	NA	NA	NA	NA	NA	NA	NA	NA	NA	NA	-6.46054606776544	NA	NA	NA	NA	NA	NA	NA	NA	NA	NA	NA	NA	NA	NA	NA	NA	NA	NA	NA	NA	NA	NA	NA	-5.4231333916205	NA	-11.0946770867866	NA	-153.222598566763	NA	-4.97783240056592 
Depth 9 
cluster names:	 1	2	3	4	5	6	7	8	9	10	11	12	13	14	15	16	17	18	19	20	21	22	23	24	25	26	27	28	29	30	31	32	33	34	35	36	37	38	39	40	41	42	43	44	45	46	47	48	49	50	51	52	53	54	55	56	57	58	59	60	61	62	63	64	65	66	67	68	69	70	71	72	73	74	75	76	77	78	79	80	81	82	83	84	85	86	87	88	89	90	91	92	93	94	95	96	97	98	99	100	101	102	103	104	105	106	107	108	109	110	111	112	113	114	115	116	117	118	119	120	121	122	123	124	125	126	127	128	129	130	131	132	133	134	135	136	137	138	139	140	141	142	143	144	145	146	147	148	149	150	151	152	153	154	155	156	157	158	159	160	161	162	163	164	165	166	167	168	169	170	171	172	173	174	175	176	177	178	179	180	181	182	183	184	185	186	187	188	189	190	191	192	193	194	195	196	197	198	199	200	201	202	203	204 
cluster log marginal likelihood:	 NA	NA	NA	NA	NA	NA	NA	NA	NA	NA	-1390.96947644387	NA	NA	NA	NA	NA	NA	-273.819639093392	-710.543633320008	NA	-171.650168387482	NA	NA	NA	-1718.70600186654	NA	NA	NA	NA	NA	NA	NA	NA	NA	NA	NA	NA	-1124.73554688227	-10.2139640430169	NA	NA	NA	NA	NA	NA	NA	-144.03199485668	NA	NA	NA	NA	-8.25196183218316	NA	NA	NA	NA	NA	NA	-1285.35461543511	NA	-26.0279514860313	-7.18431714852285	NA	NA	NA	-245.463997029279	NA	-23.142598674761	NA	-423.164778412146	NA	NA	NA	NA	NA	-1026.29505407942	NA	-86.3517049544184	NA	-126.849282113996	NA	NA	NA	NA	NA	NA	NA	NA	NA	-96.7089575352965	NA	NA	NA	NA	NA	-64.8858458858614	-15.2595544561829	NA	-6.46054606776544	NA	NA	-1438.61316357275	NA	NA	-546.121648534041	-138.196554432684	NA	-537.737201291481	NA	NA	NA	-21.1537736407422	NA	NA	-19.3079469502439	-46.8578790973916	-11.6531188476499	NA	-18.8294168951828	NA	-77.6087903598167	-63.0789636843914	-120.742787078235	NA	NA	-10.1661106514935	NA	NA	NA	-80.9259373306978	NA	NA	NA	-3.21795371627992	-3.21795371627992	-34.068894682861	NA	NA	NA	NA	NA	NA	NA	-30.8247875127419	-4.33325844808291	NA	NA	NA	NA	NA	-77.5389097779619	-3.5850498530986	NA	NA	NA	-22.5887738833021	NA	NA	NA	-7.18431714852285	NA	-464.976901968206	-283.920805614697	NA	NA	NA	NA	NA	NA	NA	NA	NA	NA	-6.46054606776544	NA	NA	NA	NA	NA	NA	NA	NA	NA	NA	NA	NA	NA	NA	NA	NA	NA	NA	NA	NA	NA	NA	NA	-5.4231333916205	NA	-11.0946770867866	NA	-153.222598566763	NA	-4.97783240056592 
Depth 10 
cluster names:	 1	2	3	4	5	6	7	8	9	10	11	12	13	14	15	16	17	18	19	20	21	22	23	24	25	26	27	28	29	30	31	32	33	34	35	36	37	38	39	40	41	42	43	44	45	46	47	48	49	50	51	52	53	54	55	56	57	58	59	60	61	62	63	64	65	66	67	68	69	70	71	72	73	74	75	76	77	78	79	80	81	82	83	84	85	86	87	88	89	90	91	92	93	94	95	96	97	98	99	100	101	102	103	104	105	106	107	108	109	110	111	112	113	114	115	116	117	118	119	120	121	122	123	124	125	126	127	128	129	130	131	132	133	134	135	136	137	138	139	140	141	142	143	144	145	146	147	148	149	150	151	152	153	154	155	156	157	158	159	160	161	162	163	164	165	166	167	168	169	170	171	172	173	174	175	176	177	178	179	180	181	182	183	184	185	186	187	188	189	190	191	192	193	194	195	196	197	198	199	200	201	202	203	204 
cluster log marginal likelihood:	 NA	NA	NA	NA	NA	NA	NA	NA	NA	NA	-1390.96947644387	NA	NA	NA	NA	NA	NA	-273.819639093392	-710.543633320008	NA	-171.650168387482	NA	NA	NA	-1718.70600186654	NA	NA	NA	NA	NA	NA	NA	NA	NA	NA	NA	NA	-1124.73554688227	-10.2139640430169	NA	NA	NA	NA	NA	NA	NA	-144.03199485668	NA	NA	NA	NA	-8.25196183218316	NA	NA	NA	NA	NA	NA	-1285.35461543511	NA	-26.0279514860313	-7.18431714852285	NA	NA	NA	-245.463997029279	NA	-23.142598674761	NA	-423.164778412146	NA	NA	NA	NA	NA	-1026.29505407942	NA	-86.3517049544184	NA	-126.849282113996	NA	NA	NA	NA	NA	NA	NA	NA	NA	-96.7089575352965	NA	NA	NA	NA	NA	-64.8858458858614	-15.2595544561829	NA	-6.46054606776544	NA	NA	-1438.61316357275	NA	NA	-546.121648534041	-138.196554432684	NA	-537.737201291481	NA	NA	NA	-21.1537736407422	NA	NA	-19.3079469502439	-46.8578790973916	-11.6531188476499	NA	-18.8294168951828	NA	-77.6087903598167	-63.0789636843914	-120.742787078235	NA	NA	-10.1661106514935	NA	NA	NA	-80.9259373306978	NA	NA	NA	-3.21795371627992	-3.21795371627992	-34.068894682861	NA	NA	NA	NA	NA	NA	NA	-30.8247875127419	-4.33325844808291	NA	NA	NA	NA	NA	-77.5389097779619	-3.5850498530986	NA	NA	NA	-22.5887738833021	NA	NA	NA	-7.18431714852285	NA	-464.976901968206	-283.920805614697	NA	NA	NA	NA	NA	NA	NA	NA	NA	NA	-6.46054606776544	NA	NA	NA	NA	NA	NA	NA	NA	NA	NA	NA	NA	NA	NA	NA	NA	NA	NA	NA	NA	NA	NA	NA	-5.4231333916205	NA	-11.0946770867866	NA	-153.222598566763	NA	-4.97783240056592 
Depth 11 
cluster names:	 1	2	3	4	5	6	7	8	9	10	11	12	13	14	15	16	17	18	19	20	21	22	23	24	25	26	27	28	29	30	31	32	33	34	35	36	37	38	39	40	41	42	43	44	45	46	47	48	49	50	51	52	53	54	55	56	57	58	59	60	61	62	63	64	65	66	67	68	69	70	71	72	73	74	75	76	77	78	79	80	81	82	83	84	85	86	87	88	89	90	91	92	93	94	95	96	97	98	99	100	101	102	103	104	105	106	107	108	109	110	111	112	113	114	115	116	117	118	119	120	121	122	123	124	125	126	127	128	129	130	131	132	133	134	135	136	137	138	139	140	141	142	143	144	145	146	147	148	149	150	151	152	153	154	155	156	157	158	159	160	161	162	163	164	165	166	167	168	169	170	171	172	173	174	175	176	177	178	179	180	181	182	183	184	185	186	187	188	189	190	191	192	193	194	195	196	197	198	199	200	201	202	203	204 
cluster log marginal likelihood:	 NA	NA	NA	NA	NA	NA	NA	NA	NA	NA	-1390.96947644387	NA	NA	NA	NA	NA	NA	-273.819639093392	-710.543633320008	NA	-171.650168387482	NA	NA	NA	-1718.70600186654	NA	NA	NA	NA	NA	NA	NA	NA	NA	NA	NA	NA	-1124.73554688227	-10.2139640430169	NA	NA	NA	NA	NA	NA	NA	-144.03199485668	NA	NA	NA	NA	-8.25196183218316	NA	NA	NA	NA	NA	NA	-1285.35461543511	NA	-26.0279514860313	-7.18431714852285	NA	NA	NA	-245.463997029279	NA	-23.142598674761	NA	-423.164778412146	NA	NA	NA	NA	NA	-1026.29505407942	NA	-86.3517049544184	NA	-126.849282113996	NA	NA	NA	NA	NA	NA	NA	NA	NA	-96.7089575352965	NA	NA	NA	NA	NA	-64.8858458858614	-15.2595544561829	NA	-6.46054606776544	NA	NA	-1438.61316357275	NA	NA	-546.121648534041	-138.196554432684	NA	-537.737201291481	NA	NA	NA	-21.1537736407422	NA	NA	-19.3079469502439	-46.8578790973916	-11.6531188476499	NA	-18.8294168951828	NA	-77.6087903598167	-63.0789636843914	-120.742787078235	NA	NA	-10.1661106514935	NA	NA	NA	-80.9259373306978	NA	NA	NA	-3.21795371627992	-3.21795371627992	-34.068894682861	NA	NA	NA	NA	NA	NA	NA	-30.8247875127419	-4.33325844808291	NA	NA	NA	NA	NA	-77.5389097779619	-3.5850498530986	NA	NA	NA	-22.5887738833021	NA	NA	NA	-7.18431714852285	NA	-464.976901968206	-283.920805614697	NA	NA	NA	NA	NA	NA	NA	NA	NA	NA	-6.46054606776544	NA	NA	NA	NA	NA	NA	NA	NA	NA	NA	NA	NA	NA	NA	NA	NA	NA	NA	NA	NA	NA	NA	NA	-5.4231333916205	NA	-11.0946770867866	NA	-153.222598566763	NA	-4.97783240056592 
